092348576193847
091234567890123
098765432198765
094567890123456
095432198765432
096789012345678
091234567890987
098765432109876
097654321098765
099876543210987
092345678901234
091234567890234
095678901234567
093456789012345
097890123456789
099012345678901
096789012345678
098765432109876
091234567890987
094321098765432
093456789012345
097890123456789
099012345678901
092345678901234
091234567890234
095678901234567
093456789012345
097890123456789
099012345678901
092345678901234
091234567890234
095678901234567
093456789012345
097890123456789
099012345678901
092345678901234
091234567890234
095678901234567
093456789012345
097890123456789
099012345678901
092345678901234
091234567890234
095678901234567
093456789012345
097890123456789
099012345678901
092345678901234
091234567890234
095678901234567
093456789012345
097890123456789
099012345678901
092345678901234
091234567890234
095678901234567
093456789012345
097890123456789
099012345678901
092345678901234
091234567890234
095678901234567
093456789012345
097890123456789
099012345678901
092345678901234
091234567890234
095678901234567
093456789012345
097890123456789
099012345678901
092345678901234
091234567890234
095678901234567
093456789012345
097890123456789
099012345678901
092345678901234
091234567890234
095678901234567
093456789012345
097890123456789
099012345678901
092345678901234
091234567890234
095678901234567
093456789012345
097890123456789
099012345678901
092345678901234
091234567890234
095678901234567
093456789012345
097890123456789
099012345678901
092345678901234
091234567890234
095678901234567
093456789012345
097890123456789
